 Zkm Lat   rhokgm3      pNm2     TK     Zeta    RJkgK
   0  30  6.479E+01  9.210E+06  735.3  1.0100  191.40
   1  30  6.156E+01  8.645E+06  727.7  1.0083  191.40
   2  30  5.845E+01  8.109E+06  720.2  1.0065  191.40
   3  30  5.547E+01  7.601E+06  712.4  1.0050  191.40
   4  30  5.262E+01  7.120E+06  704.6  1.0034  191.40
   5  30  4.987E+01  6.665E+06  696.8  1.0022  191.40
   6  30  4.724E+01  6.235E+06  688.8  1.0010  191.40
   7  30  4.471E+01  5.828E+06  681.1  1.0000  191.40
   8  30  4.226E+01  5.444E+06  673.6   .9990  191.40
   9  30  3.995E+01  5.081E+06  665.8   .9981  191.40
  10  30  3.772E+01  4.739E+06  658.2   .9973  191.40
  11  30  3.558E+01  4.416E+06  650.6   .9966  191.40
  12  30  3.354E+01  4.112E+06  643.2   .9958  191.40
  13  30  3.160E+01  3.826E+06  635.5   .9954  191.40
  14  30  2.974E+01  3.557E+06  628.1   .9949  191.40
  15  30  2.795E+01  3.304E+06  620.8   .9947  191.40
  16  30  2.627E+01  3.066E+06  613.3   .9944  191.40
  17  30  2.468E+01  2.843E+06  605.2   .9942  191.40
  18  30  2.318E+01  2.633E+06  597.1   .9939  191.40
  19  30  2.174E+01  2.436E+06  589.3   .9937  191.40
  20  30  2.039E+01  2.252E+06  580.7   .9935  191.40
  21  30  1.911E+01  2.079E+06  572.4   .9933  191.40
  22  30  1.788E+01  1.917E+06  564.3   .9931  191.40
  23  30  1.671E+01  1.766E+06  556.0   .9930  191.40
  24  30  1.562E+01  1.625E+06  547.5   .9929  191.40
  25  30  1.457E+01  1.493E+06  539.2   .9929  191.40
  26  30  1.359E+01  1.370E+06  530.7   .9928  191.40
  27  30  1.265E+01  1.256E+06  522.3   .9928  191.40
  28  30  1.177E+01  1.149E+06  513.8   .9928  191.40
  29  30  1.093E+01  1.050E+06  505.6   .9929  191.40
  30  30  1.015E+01  9.581E+05  496.9   .9929  191.40
  31  30  9.406E+00  8.729E+05  488.3   .9930  191.40
  32  30  8.704E+00  7.940E+05  479.9   .9931  191.40
  33  30  8.041E+00  7.211E+05  471.7   .9932  191.40
  34  30  7.420E+00  6.537E+05  463.4   .9933  191.40
  35  30  6.831E+00  5.917E+05  455.5   .9935  191.40
  36  30  6.274E+00  5.346E+05  448.0   .9937  191.40
  37  30  5.762E+00  4.822E+05  439.9   .9939  191.40
  38  30  5.276E+00  4.342E+05  432.5   .9941  191.40
  39  30  4.823E+00  3.903E+05  425.1   .9944  191.40
  40  30  4.404E+00  3.501E+05  417.6   .9946  191.40
  41  30  4.015E+00  3.135E+05  410.0   .9949  191.40
  42  30  3.646E+00  2.802E+05  403.5   .9951  191.40
  43  30  3.303E+00  2.499E+05  397.1   .9954  191.40
  44  30  2.985E+00  2.226E+05  391.2   .9957  191.40
  45  30  2.693E+00  1.979E+05  385.4   .9960  191.40
  46  30  2.426E+00  1.756E+05  379.7   .9962  191.40
  47  30  2.186E+00  1.556E+05  373.1   .9964  191.40
  48  30  1.967E+00  1.375E+05  366.4   .9966  191.40
  49  30  1.773E+00  1.213E+05  358.6   .9968  191.40
  50  30  1.594E+00  1.066E+05  350.5   .9970  191.40
  51  30  1.432E+00  9.347E+04  342.0   .9971  191.40
  52  30  1.284E+00  8.167E+04  333.3   .9972  191.40
  53  30  1.153E+00  7.109E+04  323.0   .9973  191.40
  54  30  1.032E+00  6.160E+04  312.8   .9974  191.40
  55  30  9.207E-01  5.314E+04  302.3   .9975  191.40
  56  30  8.183E-01  4.559E+04  291.8   .9976  191.40
  57  30  7.212E-01  3.891E+04  282.5   .9978  191.40
  58  30  6.289E-01  3.306E+04  275.2   .9979  191.40
  59  30  5.448E-01  2.796E+04  268.7   .9981  191.40
  60  30  4.694E-01  2.357E+04  262.8   .9982  191.40
  62  30  3.411E-01  1.659E+04  254.5   .9986  191.40
  64  30  2.443E-01  1.156E+04  247.5   .9989  191.40
  66  30  1.729E-01  7.970E+03  241.0   .9993  191.40
  68  30  1.210E-01  5.447E+03  235.4   .9994  191.40
  70  30  8.393E-02  3.690E+03  229.8   .9995  191.40
  72  30  5.775E-02  2.476E+03  224.1   .9996  191.40
  74  30  3.933E-02  1.645E+03  218.6   .9997  191.40
  76  30  2.663E-02  1.081E+03  212.1   .9998  191.40
  78  30  1.784E-02  7.011E+02  205.3  1.0000  191.40
  80  30  1.186E-02  4.476E+02  197.1  1.0000  191.40
  82  30  7.725E-03  2.808E+02  189.9  1.0000  191.40
  84  30  4.926E-03  1.733E+02  183.8  1.0000  191.42
  86  30  3.088E-03  1.053E+02  178.2  1.0000  191.46
  88  30  1.898E-03  6.312E+01  173.6  1.0000  191.53
  90  30  1.151E-03  3.736E+01  169.4  1.0000  191.57
  92  30  6.836E-04  2.191E+01  167.2  1.0000  191.66
  94  30  3.995E-04  1.281E+01  167.2  1.0000  191.80
  96  30  2.314E-04  7.519E+00  169.2  1.0000  191.93
  98  30  1.347E-04  4.450E+00  172.0  1.0000  192.06
 100  30  7.890E-05  2.660E+00  175.4  1.0000  192.24
   0  45  6.479E+01  9.210E+06  735.3  1.0097  191.40
   1  45  6.156E+01  8.645E+06  727.7  1.0080  191.40
   2  45  5.845E+01  8.109E+06  720.2  1.0065  191.40
   3  45  5.547E+01  7.601E+06  712.4  1.0050  191.40
   4  45  5.262E+01  7.120E+06  704.6  1.0036  191.40
   5  45  4.987E+01  6.665E+06  696.8  1.0024  191.40
   6  45  4.724E+01  6.235E+06  688.8  1.0012  191.40
   7  45  4.471E+01  5.828E+06  681.1  1.0001  191.40
   8  45  4.226E+01  5.444E+06  673.6   .9992  191.40
   9  45  3.995E+01  5.081E+06  665.8   .9984  191.40
  10  45  3.772E+01  4.739E+06  658.2   .9976  191.40
  11  45  3.558E+01  4.416E+06  650.6   .9969  191.40
  12  45  3.354E+01  4.112E+06  643.2   .9964  191.40
  13  45  3.160E+01  3.826E+06  635.5   .9958  191.40
  14  45  2.974E+01  3.557E+06  628.1   .9954  191.40
  15  45  2.795E+01  3.304E+06  620.8   .9949  191.40
  16  45  2.627E+01  3.066E+06  613.3   .9946  191.40
  17  45  2.468E+01  2.843E+06  605.2   .9942  191.40
  18  45  2.318E+01  2.633E+06  597.1   .9939  191.40
  19  45  2.174E+01  2.436E+06  589.3   .9937  191.40
  20  45  2.039E+01  2.252E+06  580.7   .9934  191.40
  21  45  1.911E+01  2.079E+06  572.4   .9933  191.40
  22  45  1.788E+01  1.917E+06  564.3   .9931  191.40
  23  45  1.671E+01  1.766E+06  556.0   .9930  191.40
  24  45  1.562E+01  1.625E+06  547.5   .9929  191.40
  25  45  1.457E+01  1.493E+06  539.2   .9929  191.40
  26  45  1.359E+01  1.370E+06  530.7   .9928  191.40
  27  45  1.265E+01  1.256E+06  522.3   .9929  191.40
  28  45  1.177E+01  1.149E+06  513.8   .9929  191.40
  29  45  1.093E+01  1.050E+06  505.6   .9929  191.40
  30  45  1.015E+01  9.581E+05  496.9   .9930  191.40
  31  45  9.406E+00  8.729E+05  488.3   .9931  191.40
  32  45  8.704E+00  7.940E+05  479.9   .9932  191.40
  33  45  8.041E+00  7.211E+05  471.7   .9933  191.40
  34  45  7.420E+00  6.537E+05  463.4   .9934  191.40
  35  45  6.838E+00  5.916E+05  455.0   .9936  191.40
  36  45  6.291E+00  5.345E+05  446.8   .9937  191.40
  37  45  5.777E+00  4.820E+05  438.6   .9939  191.40
  38  45  5.292E+00  4.338E+05  430.8   .9941  191.40
  39  45  4.835E+00  3.897E+05  423.3   .9943  191.40
  40  45  4.418E+00  3.495E+05  415.5   .9945  191.40
  41  45  4.024E+00  3.127E+05  408.1   .9948  191.40
  42  45  3.652E+00  2.793E+05  401.6   .9950  191.40
  43  45  3.310E+00  2.491E+05  395.0   .9953  191.40
  44  45  2.996E+00  2.216E+05  388.3   .9955  191.40
  45  45  2.704E+00  1.968E+05  381.8   .9958  191.40
  46  45  2.434E+00  1.745E+05  376.1   .9961  191.40
  47  45  2.187E+00  1.544E+05  370.2   .9963  191.40
  48  45  1.961E+00  1.364E+05  364.6   .9966  191.40
  49  45  1.758E+00  1.199E+05  357.5   .9967  191.40
  50  45  1.584E+00  1.057E+05  349.7   .9969  191.40
  51  45  1.422E+00  9.258E+04  341.1   .9970  191.40
  52  45  1.274E+00  8.087E+04  332.5   .9972  191.40
  53  45  1.146E+00  7.042E+04  321.9   .9973  191.40
  54  45  1.022E+00  6.095E+04  312.3   .9974  191.40
  55  45  9.132E-01  5.255E+04  301.4   .9974  191.40
  56  45  8.132E-01  4.505E+04  290.2   .9975  191.40
  57  45  7.224E-01  3.839E+04  278.3   .9976  191.40
  58  45  6.363E-01  3.249E+04  267.4   .9977  191.40
  59  45  5.531E-01  2.733E+04  258.7   .9978  191.40
  60  45  4.729E-01  2.289E+04  253.3   .9980  191.40
  62  45  3.381E-01  1.591E+04  246.2   .9985  191.40
  64  45  2.381E-01  1.096E+04  240.7   .9989  191.40
  66  45  1.660E-01  7.489E+03  235.8   .9992  191.40
  68  45  1.146E-01  5.082E+03  231.9   .9994  191.40
  70  45  7.852E-02  3.428E+03  228.2   .9996  191.40
  72  45  5.348E-02  2.298E+03  224.6   .9997  191.40
  74  45  3.621E-02  1.531E+03  221.0   .9998  191.40
  76  45  2.447E-02  1.012E+03  216.2   .9998  191.40
  78  45  1.645E-02  6.625E+02  210.4  1.0000  191.40
  80  45  1.104E-02  4.278E+02  202.5  1.0000  191.40
  82  45  7.264E-03  2.718E+02  195.5  1.0000  191.40
  84  45  4.707E-03  1.699E+02  188.6  1.0000  191.42
  86  45  3.001E-03  1.044E+02  181.8  1.0000  191.46
  88  45  1.868E-03  6.317E+01  176.6  1.0000  191.53
  90  45  1.143E-03  3.772E+01  172.3  1.0000  191.57
  92  45  6.837E-04  2.233E+01  170.4  1.0000  191.66
  94  45  4.051E-04  1.317E+01  169.5  1.0000  191.80
  96  45  2.381E-04  7.768E+00  170.0  1.0000  191.93
  98  45  1.400E-04  4.595E+00  170.9  1.0000  192.06
 100  45  8.240E-05  2.729E+00  172.2  1.0000  192.24
   0  60  6.479E+01  9.210E+06  735.3  1.0097  191.40
   1  60  6.156E+01  8.645E+06  727.7  1.0080  191.40
   2  60  5.845E+01  8.109E+06  720.2  1.0065  191.40
   3  60  5.547E+01  7.601E+06  712.4  1.0050  191.40
   4  60  5.262E+01  7.120E+06  704.6  1.0036  191.40
   5  60  4.987E+01  6.665E+06  696.8  1.0024  191.40
   6  60  4.724E+01  6.235E+06  688.8  1.0012  191.40
   7  60  4.471E+01  5.828E+06  681.1  1.0001  191.40
   8  60  4.226E+01  5.444E+06  673.6   .9992  191.40
   9  60  3.995E+01  5.081E+06  665.8   .9984  191.40
  10  60  3.772E+01  4.739E+06  658.2   .9976  191.40
  11  60  3.558E+01  4.416E+06  650.6   .9969  191.40
  12  60  3.354E+01  4.112E+06  643.2   .9964  191.40
  13  60  3.160E+01  3.826E+06  635.5   .9958  191.40
  14  60  2.974E+01  3.557E+06  628.1   .9954  191.40
  15  60  2.795E+01  3.304E+06  620.8   .9949  191.40
  16  60  2.627E+01  3.066E+06  613.3   .9946  191.40
  17  60  2.468E+01  2.843E+06  605.2   .9942  191.40
  18  60  2.318E+01  2.633E+06  597.1   .9939  191.40
  19  60  2.174E+01  2.436E+06  589.3   .9937  191.40
  20  60  2.039E+01  2.252E+06  580.7   .9934  191.40
  21  60  1.911E+01  2.079E+06  572.4   .9933  191.40
  22  60  1.788E+01  1.917E+06  564.3   .9931  191.40
  23  60  1.671E+01  1.766E+06  556.0   .9930  191.40
  24  60  1.562E+01  1.625E+06  547.5   .9929  191.40
  25  60  1.457E+01  1.493E+06  539.2   .9929  191.40
  26  60  1.359E+01  1.370E+06  530.7   .9928  191.40
  27  60  1.265E+01  1.256E+06  522.3   .9929  191.40
  28  60  1.177E+01  1.149E+06  513.8   .9929  191.40
  29  60  1.093E+01  1.050E+06  505.6   .9929  191.40
  30  60  1.015E+01  9.581E+05  496.9   .9930  191.40
  31  60  9.406E+00  8.729E+05  488.3   .9931  191.40
  32  60  8.704E+00  7.940E+05  479.9   .9932  191.40
  33  60  8.041E+00  7.211E+05  471.7   .9933  191.40
  34  60  7.420E+00  6.537E+05  463.4   .9934  191.40
  35  60  6.838E+00  5.916E+05  455.0   .9936  191.40
  36  60  6.291E+00  5.344E+05  446.7   .9937  191.40
  37  60  5.777E+00  4.819E+05  438.5   .9939  191.40
  38  60  5.296E+00  4.337E+05  430.4   .9941  191.40
  39  60  4.850E+00  3.896E+05  422.0   .9943  191.40
  40  60  4.429E+00  3.492E+05  414.2   .9945  191.40
  41  60  4.037E+00  3.123E+05  406.4   .9947  191.40
  42  60  3.664E+00  2.788E+05  399.4   .9949  191.40
  43  60  3.326E+00  2.480E+05  391.4   .9951  191.40
  44  60  3.013E+00  2.208E+05  384.5   .9954  191.40
  45  60  2.720E+00  1.958E+05  377.7   .9956  191.40
  46  60  2.452E+00  1.733E+05  370.7   .9959  191.40
  47  60  2.208E+00  1.531E+05  363.6   .9961  191.40
  48  60  1.981E+00  1.349E+05  357.0   .9963  191.40
  49  60  1.771E+00  1.183E+05  350.1   .9966  191.40
  50  60  1.588E+00  1.039E+05  342.9   .9967  191.40
  51  60  1.422E+00  9.085E+04  334.7   .9969  191.40
  52  60  1.272E+00  7.915E+04  326.1   .9971  191.40
  53  60  1.140E+00  6.862E+04  315.4   .9971  191.40
  54  60  1.018E+00  5.926E+04  305.0   .9972  191.40
  55  60  9.064E-01  5.095E+04  294.4   .9973  191.40
  56  60  8.048E-01  4.352E+04  283.2   .9974  191.40
  57  60  7.128E-01  3.693E+04  271.3   .9975  191.40
  58  60  6.245E-01  3.113E+04  261.0   .9976  191.40
  59  60  5.436E-01  2.607E+04  251.0   .9977  191.40
  60  60  4.671E-01  2.169E+04  243.0   .9978  191.40
  62  60  3.359E-01  1.477E+04  230.1   .9982  191.40
  64  60  2.301E-01  9.918E+03  225.5   .9987  191.40
  66  60  1.524E-01  6.648E+03  228.0   .9992  191.40
  68  60  1.013E-01  4.479E+03  231.1   .9995  191.40
  70  60  6.826E-02  3.028E+03  231.9   .9996  191.40
  72  60  4.637E-02  2.047E+03  230.8   .9998  191.40
  74  60  3.159E-02  1.380E+03  228.3   .9998  191.40
  76  60  2.159E-02  9.251E+02  223.9  1.0000  191.40
  78  60  1.477E-02  6.142E+02  217.3  1.0000  191.40
  80  60  1.008E-02  4.018E+02  208.3  1.0000  191.40
  82  60  6.754E-03  2.582E+02  199.7  1.0000  191.40
  84  60  4.438E-03  1.629E+02  191.7  1.0000  191.42
  86  60  2.865E-03  1.008E+02  183.8  1.0000  191.46
  88  60  1.795E-03  6.132E+01  178.4  1.0000  191.53
  90  60  1.105E-03  3.680E+01  173.9  1.0000  191.57
  92  60  6.642E-04  2.187E+01  171.8  1.0000  191.66
  94  60  3.964E-04  1.294E+01  170.2  1.0000  191.80
  96  60  2.345E-04  7.637E+00  169.7  1.0000  191.93
  98  60  1.387E-04  4.502E+00  169.0  1.0000  192.06
 100  60  8.170E-05  2.652E+00  168.8  1.0000  192.24
   0  75  6.479E+01  9.210E+06  735.3  1.0097  191.40
   1  75  6.156E+01  8.645E+06  727.7  1.0080  191.40
   2  75  5.845E+01  8.109E+06  720.2  1.0065  191.40
   3  75  5.547E+01  7.601E+06  712.4  1.0050  191.40
   4  75  5.262E+01  7.120E+06  704.6  1.0036  191.40
   5  75  4.987E+01  6.665E+06  696.8  1.0024  191.40
   6  75  4.724E+01  6.235E+06  688.8  1.0012  191.40
   7  75  4.471E+01  5.828E+06  681.1  1.0001  191.40
   8  75  4.226E+01  5.444E+06  673.6   .9992  191.40
   9  75  3.995E+01  5.081E+06  665.8   .9984  191.40
  10  75  3.772E+01  4.739E+06  658.2   .9976  191.40
  11  75  3.558E+01  4.416E+06  650.6   .9969  191.40
  12  75  3.354E+01  4.112E+06  643.2   .9964  191.40
  13  75  3.160E+01  3.826E+06  635.5   .9958  191.40
  14  75  2.974E+01  3.557E+06  628.1   .9954  191.40
  15  75  2.795E+01  3.304E+06  620.8   .9949  191.40
  16  75  2.627E+01  3.066E+06  613.3   .9946  191.40
  17  75  2.468E+01  2.843E+06  605.2   .9942  191.40
  18  75  2.318E+01  2.633E+06  597.1   .9939  191.40
  19  75  2.174E+01  2.436E+06  589.3   .9937  191.40
  20  75  2.039E+01  2.252E+06  580.7   .9934  191.40
  21  75  1.911E+01  2.079E+06  572.4   .9933  191.40
  22  75  1.788E+01  1.917E+06  564.3   .9931  191.40
  23  75  1.671E+01  1.766E+06  556.0   .9930  191.40
  24  75  1.562E+01  1.625E+06  547.5   .9929  191.40
  25  75  1.457E+01  1.493E+06  539.2   .9929  191.40
  26  75  1.359E+01  1.370E+06  530.7   .9928  191.40
  27  75  1.265E+01  1.256E+06  522.3   .9929  191.40
  28  75  1.177E+01  1.149E+06  513.8   .9929  191.40
  29  75  1.093E+01  1.050E+06  505.6   .9929  191.40
  30  75  1.015E+01  9.581E+05  496.9   .9930  191.40
  31  75  9.406E+00  8.729E+05  488.3   .9931  191.40
  32  75  8.704E+00  7.940E+05  479.9   .9932  191.40
  33  75  8.041E+00  7.211E+05  471.7   .9933  191.40
  34  75  7.420E+00  6.537E+05  463.4   .9934  191.40
  35  75  6.838E+00  5.916E+05  455.0   .9936  191.40
  36  75  6.294E+00  5.345E+05  446.5   .9937  191.40
  37  75  5.786E+00  4.819E+05  437.8   .9939  191.40
  38  75  5.305E+00  4.336E+05  429.5   .9940  191.40
  39  75  4.865E+00  3.894E+05  420.5   .9942  191.40
  40  75  4.448E+00  3.488E+05  412.0   .9944  191.40
  41  75  4.064E+00  3.118E+05  402.9   .9945  191.40
  42  75  3.701E+00  2.780E+05  394.5   .9947  191.40
  43  75  3.362E+00  2.473E+05  386.1   .9949  191.40
  44  75  3.051E+00  2.192E+05  377.3   .9951  191.40
  45  75  2.762E+00  1.941E+05  368.7   .9953  191.40
  46  75  2.495E+00  1.712E+05  360.0   .9955  191.40
  47  75  2.245E+00  1.506E+05  351.9   .9957  191.40
  48  75  2.016E+00  1.320E+05  343.5   .9959  191.40
  49  75  1.802E+00  1.152E+05  335.4   .9961  191.40
  50  75  1.612E+00  1.006E+05  327.3   .9963  191.40
  51  75  1.438E+00  8.741E+04  318.5   .9965  191.40
  52  75  1.277E+00  7.561E+04  310.2   .9967  191.40
  53  75  1.137E+00  6.513E+04  300.1   .9968  191.40
  54  75  1.009E+00  5.582E+04  290.0   .9969  191.40
  55  75  8.909E-01  4.758E+04  279.7   .9970  191.40
  56  75  7.841E-01  4.031E+04  269.2   .9972  191.40
  57  75  6.878E-01  3.390E+04  258.2   .9972  191.40
  58  75  5.974E-01  2.834E+04  248.4   .9974  191.40
  59  75  5.097E-01  2.353E+04  241.8   .9976  191.40
  60  75  4.293E-01  1.948E+04  237.5   .9979  191.40
  62  75  2.993E-01  1.322E+04  231.1   .9984  191.40
  64  75  1.998E-01  8.950E+03  234.3   .9990  191.40
  66  75  1.338E-01  6.097E+03  238.3   .9993  191.40
  68  75  9.030E-02  4.180E+03  242.0   .9996  191.40
  70  75  6.164E-02  2.880E+03  244.2   .9997  191.40
  72  75  4.263E-02  1.987E+03  243.6   .9998  191.40
  74  75  2.971E-02  1.367E+03  240.5   .9999  191.40
  76  75  2.079E-02  9.345E+02  234.9  1.0000  191.40
  78  75  1.470E-02  6.303E+02  224.0  1.0000  191.40
  80  75  1.016E-02  4.176E+02  214.7  1.0000  191.40
  82  75  6.915E-03  2.717E+02  205.3  1.0000  191.40
  84  75  4.618E-03  1.734E+02  196.1  1.0000  191.42
  86  75  3.016E-03  1.084E+02  187.8  1.0000  191.46
  88  75  1.908E-03  6.665E+01  182.4  1.0000  191.53
  90  75  1.186E-03  4.047E+01  178.1  1.0000  191.57
  92  75  7.250E-04  2.433E+01  175.1  1.0000  191.66
  94  75  4.398E-04  1.451E+01  172.0  1.0000  191.80
  96  75  2.638E-04  8.586E+00  169.6  1.0000  191.93
  98  75  1.570E-04  5.048E+00  167.4  1.0000  192.06
 100  75  9.250E-05  2.954E+00  166.1  1.0000  192.24
   0  85  6.479E+01  9.210E+06  735.3  1.0097  191.40
   1  85  6.156E+01  8.645E+06  727.7  1.0080  191.40
   2  85  5.845E+01  8.109E+06  720.2  1.0065  191.40
   3  85  5.547E+01  7.601E+06  712.4  1.0050  191.40
   4  85  5.262E+01  7.120E+06  704.6  1.0036  191.40
   5  85  4.987E+01  6.665E+06  696.8  1.0024  191.40
   6  85  4.724E+01  6.235E+06  688.8  1.0012  191.40
   7  85  4.471E+01  5.828E+06  681.1  1.0001  191.40
   8  85  4.226E+01  5.444E+06  673.6   .9992  191.40
   9  85  3.995E+01  5.081E+06  665.8   .9984  191.40
  10  85  3.772E+01  4.739E+06  658.2   .9976  191.40
  11  85  3.558E+01  4.416E+06  650.6   .9969  191.40
  12  85  3.354E+01  4.112E+06  643.2   .9964  191.40
  13  85  3.160E+01  3.826E+06  635.5   .9958  191.40
  14  85  2.974E+01  3.557E+06  628.1   .9954  191.40
  15  85  2.795E+01  3.304E+06  620.8   .9949  191.40
  16  85  2.627E+01  3.066E+06  613.3   .9946  191.40
  17  85  2.468E+01  2.843E+06  605.2   .9942  191.40
  18  85  2.318E+01  2.633E+06  597.1   .9939  191.40
  19  85  2.174E+01  2.436E+06  589.3   .9937  191.40
  20  85  2.039E+01  2.252E+06  580.7   .9934  191.40
  21  85  1.911E+01  2.079E+06  572.4   .9933  191.40
  22  85  1.788E+01  1.917E+06  564.3   .9931  191.40
  23  85  1.671E+01  1.766E+06  556.0   .9930  191.40
  24  85  1.562E+01  1.625E+06  547.5   .9929  191.40
  25  85  1.457E+01  1.493E+06  539.2   .9929  191.40
  26  85  1.359E+01  1.370E+06  530.7   .9928  191.40
  27  85  1.265E+01  1.256E+06  522.3   .9929  191.40
  28  85  1.177E+01  1.149E+06  513.8   .9929  191.40
  29  85  1.093E+01  1.050E+06  505.6   .9929  191.40
  30  85  1.015E+01  9.581E+05  496.9   .9930  191.40
  31  85  9.406E+00  8.729E+05  488.3   .9931  191.40
  32  85  8.704E+00  7.940E+05  479.9   .9932  191.40
  33  85  8.066E+00  7.210E+05  470.2   .9932  191.40
  34  85  7.447E+00  6.534E+05  461.5   .9933  191.40
  35  85  6.868E+00  5.911E+05  452.6   .9934  191.40
  36  85  6.324E+00  5.336E+05  443.7   .9936  191.40
  37  85  5.813E+00  4.808E+05  434.8   .9937  191.40
  38  85  5.333E+00  4.323E+05  426.0   .9939  191.40
  39  85  4.889E+00  3.878E+05  416.8   .9940  191.40
  40  85  4.471E+00  3.471E+05  407.8   .9942  191.40
  41  85  4.077E+00  3.099E+05  399.2   .9944  191.40
  42  85  3.712E+00  2.760E+05  390.4   .9945  191.40
  43  85  3.371E+00  2.450E+05  381.8   .9947  191.40
  44  85  3.059E+00  2.171E+05  372.7   .9949  191.40
  45  85  2.770E+00  1.918E+05  363.4   .9951  191.40
  46  85  2.504E+00  1.689E+05  354.0   .9953  191.40
  47  85  2.251E+00  1.482E+05  345.4   .9955  191.40
  48  85  2.018E+00  1.297E+05  337.1   .9957  191.40
  49  85  1.805E+00  1.128E+05  327.9   .9959  191.40
  50  85  1.614E+00  9.819E+04  319.1   .9961  191.40
  51  85  1.438E+00  8.494E+04  309.8   .9962  191.40
  52  85  1.274E+00  7.314E+04  301.0   .9964  191.40
  53  85  1.132E+00  6.273E+04  290.5   .9966  191.40
  54  85  1.000E+00  5.351E+04  280.4   .9967  191.40
  55  85  8.805E-01  4.532E+04  269.8   .9968  191.40
  56  85  7.739E-01  3.818E+04  258.4   .9969  191.40
  57  85  6.741E-01  3.188E+04  247.8   .9970  191.40
  58  85  5.780E-01  2.646E+04  239.8   .9973  191.40
  59  85  4.798E-01  2.189E+04  238.9   .9977  191.40
  60  85  3.912E-01  1.813E+04  242.5   .9982  191.40
  62  85  2.631E-01  1.253E+04  249.1   .9988  191.40
  64  85  1.853E-01  8.676E+03  244.9   .9992  191.40
  66  85  1.291E-01  5.977E+03  242.0   .9994  191.40
  68  85  8.812E-02  4.116E+03  244.2   .9996  191.40
  70  85  6.094E-02  2.839E+03  243.5   .9997  191.40
  72  85  4.230E-02  1.954E+03  241.5   .9998  191.40
  74  85  2.920E-02  1.342E+03  240.2   .9999  191.40
  76  85  2.040E-02  9.172E+02  235.0  1.0000  191.40
  78  85  1.438E-02  6.192E+02  225.0  1.0000  191.40
  80  85  1.002E-02  4.103E+02  213.9  1.0000  191.40
  82  85  6.765E-03  2.670E+02  206.2  1.0000  191.40
  84  85  4.498E-03  1.710E+02  198.6  1.0000  191.42
  86  85  2.940E-03  1.077E+02  191.4  1.0000  191.46
  88  85  1.874E-03  6.686E+01  186.3  1.0000  191.53
  90  85  1.180E-03  4.099E+01  181.3  1.0000  191.57
  92  85  7.302E-04  2.484E+01  177.5  1.0000  191.66
  94  85  4.477E-04  1.490E+01  173.5  1.0000  191.80
  96  85  2.708E-04  8.845E+00  170.2  1.0000  191.93
  98  85  1.618E-04  5.207E+00  167.6  1.0000  192.06
 100  85  9.545E-05  3.048E+00  166.1  1.0000  192.24
